712372
532567
273237
115723
585956
393779
345833
148266
233626
825548
427453
474949
965586
888839
774449
981947
252436
792982
387546
647922
557277
396853
731299
522367
973868
416343
398637
423171
884746
943919
299862
513623
413489
433621
256734
182245
326446
987189
876757
483471
537527
643745
288771
914133
635913
885285
258249
968288
153713
995495
167681
255268
226725
436989
364294
123132
587281
286136
744193
176452
496959
546927
883428
812455
823326
215174
247123
343136
427848
489642
619371
237841
156946
469952
337866
624684
336621
457178
756283
818173
868734
595983
391693
138653
592844
896656
238813
995811
691833
994236
735356
144822
644592
285351
955487
528647
366794
845349
448941
397259
658537
898881
758112
494225
589241
685241
459723
852779
468485
938137
229984
812231
147297
875181
773479
459854
794982
192911
425418
631818
775769
971849
757137
583416
315287
115643
131164
512713
592257
795686
482629
549325
713839
319292
634155
715162
951336
462176
855962
123251
994491
248177
463683
785337
998141
749275
932645
783588
394476
936258
332879
265182
344263
617757
644818
646381
771988
536714
622124
487796
512955
651933
452957
175742
968464
433569
554858
491144
474145
631387
859617
312832
138621
521954
275469
837172
955862
932756
118526
723293
596141
313871
925394
754644
291645
368947
983895
253644
471511
528589
842372
947163
242384
829117
574817
535647
884747
445646
859281
123128
266656
276115
735654
589552
725264
264323
955896
438711
834925
111756
384842
168862
467237
516515
584686
633231
564823
754416
257373
437243
932624
611368
987665
622775
673567
865543
548158
795777
925291
928917
277868
889236
555145
613383
632289
447499
349385
598778
135779
399425
486538
371546
182328
786647
417462
517615
257668
859854
375676
898911
727114
437569
393835
581642
486476
277297
596761
554849
435544
656687
387993
356175
838186
691454
788217
632175
268425
383891
963357
259897
259888
451514
164131
393811
617395
678824
574329
918692
415873
223795
895614
111113
994747
964678
648251
133588
388564
178716
486413
462459
673422
882854
127128
715127
434365
792393
421536
142892
941385
126127
292761
829729
177544
289515
835435
891364
716471
278423
656835
551281
713489
593389
591561
184294
142398
771262
445753
565736
788388
546867
615569
647747
433649
812812
976163
729489
687715
612299
756145
346227
191716
647688
779265
483271
114693
828393
136792
193984
686699
969685
631574
224264
669799
668226
778369
953837
812493
637453
644339
139854
559777
295371
385284
884867
362883
416724
124889
137142
126528
119256
112964
775555
537852
712451
931579
315356
778363
464196
383828
873365
124197
138997
276416
698715
441885
537131
381466
165285
497229
587833
413695
179536
775224
453162
651536
791155
662234
283751
629915
264949
524814
776956
655164
891331
289454
585483
978112
869411
368271
469296
269418
846598
381584
341211
281551
678568
956726
238235
242749
977412
741344
369448
869366
926243
625213
828684
675593
169855
839939
723287
196183
186127
952587
557658
229641
246854
321784
715576
321661
982849
663485
416943
931456
744573
578161
464362
313827
793356
948762
797475
236985
726465
781761
845978
751132
872186
877387
723796
363217
539732
921454
659198
281729
385614
694382
782698
848919
676656
982371
824382
651685
756977
911486
133377
263945
613344
733388
636766
549641
765376
646234
766257
233966
934911
382923
552522
347629
864749
991493
138915
835178
694315
897211
138556
343314
525298
282933
633219
133762
855934
925128
823157
964637
999984
391122
249413
852232
855658
986625
361675
785369
179596
124229
331969
568866
848512
418318
257952
665383
942546
859321
795179
964361
886138
469554
755143
151441
831455
816383
299276
894339
682685
463496
272562
425289
726824
987534
177155
536282
278266
689673
244224
797856
372315
155832
636534
637824
769558
948524
775117
795375
767254
846328
243514
984268
923925
389642
525827
658518
716786
765513
898318
958261
276997
165132
593843
365756
514251
695856
911679
674179
667376
627464
112632
216996
252889
618641
366339
658887
127724
145624
744268
718253
179854
391533
866632
895988
691537
486262
645694
929346
759773
622729
997554
978937
598531
367574
422131
274368
723887
728254
819241
699499
442885
221924
482358
595426
764554
337285
496381
454927
296769
533247
327485
599147
963513
629416
454798
389524
891143
975572
779721
637585
817463
127531
164718
878938
555617
838475
343954
992675
481515
975869
911476
755266
524445
196232
841576
681127
216934
951758
569282
489647
563172
265447
835149
268574
873811
219669
665877
842919
328999
628637
489784
348564
613442
458648
634463
928633
731162
522828
637816
661931
851182
762127
826478
288867
623225
149491
637977
362343
357359
464798
283475
869979
741782
353854
832525
192554
773935
861444
757832
696663
232827
415811
558937
852914
419386
617149
187188
663818
285379
979143
814987
614473
327664
987675
412215
387585
636117
871416
228776
666922
393238
359871
194333
965983
327119
786127
898641
366398
381914
378352
356311
362527
279937
663771
725839
334651
486369
859824
259611
471145
855279
437814
875129
882945
536149
546312
898847
827521
167653
114565
424538
367331
287787
236433
776889
624281
664313
111717
676775
216311
381983
781159
539755
889164
141274
166818
397743
186514
363126
786926
547655
393525
896278
349851
943671
939393
186162
956928
595857
331629
614282
953631
984246
768985
211879
148829
695425
914594
791511
168355
449858
626263
175888
662823
461491
966495
966176
564285
147977
354118
352276
452517
464612
261392
831497
621364
736354
574883
924358
882174
946934
527889
841222
145631
997632
771171
132315
389577
137259
925193
836191
525848
153972
538993
453638
671577
214485
992728
753816
668344
869955
973557
824761
876562
527868
965964
428757
753718
244377
928439
481134
515541
134347
445376
293258
428835
143812
825527
538761
526295
672987
168358
914775
917188
384297
835281
467296
171957
654657
432872
192167
628873
765496
354145
888938
219654
941424
942319
538685
569448
971667
949885
472993
412599
542363
756475
652212
542248
247839
291464
296473
666927
982775
934722
845242
876362
191283
261928
491867
917777
481718
696829
378966
486193
729557
585266
463775
498499
997874
796336
835348
584922
856721
384818
148812
388397
312674
491897
198731
563128
535953
748625
754674
423614
896785
628116
945827
286695
894552
816538
284236
828243
726274
637994
284644
563249
921124
579815
419915
566999
448152
723252
636963
481338
756259
432994
353731
879393
388751
126368
728411
961514
977568
791479
577281
534431
479329
812727
276193
462297
394521
291955
576462
188134
884531
694273
951488
124419
979238
388542
978845
193684
513775
666513
196619
597932
924273
597222
625151
527536
423447
381773
144574
193118
888328
152681
858862
532759
945543
118484
374342
393242
958982
144312
314749
786317
194839
394318
942752
341183
698626
238956
515648
994876
376339
559529
476171
822476
685954
622649
613583
448541
222214
353157
849559
738812
643953
931749
919538
736154
326157
953247
866344
435499
824925
443216
119537
194346
569784
351962
321977
523213
738535
664384
885972
629685
587374
733935
914775
461926
482553
245315
229365
693442
632491
778984
879568
471689
257985
825268
737883
893667
223411
556756
444615
516414
644538
585163
799218
259527
898277
664121
791658
161352
593292
733657
491961
546866
385111
769544
444671
435261
938315
257524
198781
458568
356433
234671
975797
565652
345848
973674
683669
199396
649939
299258
598837
841356
511115
575622
946457
822994
483412
423513
981876
159769
147179
333898
149846
359981
681829
746752
165936
523374
735231
631829
981332
161498
639464
525118
746824
196285
357211
124486
329379
991475
549532
472236
165157
699882
523145
317154
384833
991332
285417
231923
643723
482427
238916
715689
552747
357924
225811
423165
784968
893212
321454
629525
791318
892768
544847
441681
738296
112447
195247
466665
997118
989936
643576
318555
934747
472697
697753
199674
594512
554268
374927
794185
896485
498528
446813
565364
687478
253171
928335
594365
996628
415293
781153
461812
241922
194683
865529
899477
421412
752648
122536
178561
429551
838196
431335
418392
559415
479629
991743
826139
648348
558682
924194
185998
486595
257716
866823
317851
833829
148325
831737
695341
348342
981117
788217
328417
659953
561339
441763
653563
968894
264897
147519
383715
124588
317119
587921
421453
569715
788379
392764
889471
439884
926331
288798
318389
587538
784681
196386
812928
972458
522833
834659
981556
387942
382945
694543
833511
689699
921749
291347
281972
866149
899982
157918
473185
178663
932278
719214
879354
123473
129227
779414
972237
493677
788187
359976
744924
359166
978816
619472
752876
325132
113651
821972
234136
637486
552264
649373
793285
771967
836338
152617
268799
947446
132822
249246
248922
721144
691777
861799
235195
618768
663862
512984
931149
961513
999291
517994
685874
749846
113968
748545
836438
237139
756966
665271
859396
587623
796724
633235
548951
883175
821739
613376
261535
158129
845745
314454
635727
674757
169543
343943
733286
919991
848954
924744
388165
614788
132419
452627
961144
895463
157734
533865
836166
885351
412273
497252
652363
549757
168865
187437
436267
749324
284128
753869
878168
463637
729245
545839
582565
876476
754569
362876
942412
847387
489492
437855
983632
655972
284429
351162
657111
936766
118683
621721
958816
366177
939886
669959
641597
591963
299651
947739
925698
722715
821315
618455
787196
628818
118926
116871
158345
611134
617447
791827
163262
565184
339559
354618
625486
826652
669255
991768
738393
632342
219289
621342
763824
626818
679366
692485
626181
322834
921587
988572
627511
358183
737272
541832
871957
924988
365166
352334
864322
593556
312734
487782
763172
513442
172775
375857
577439
161256
619944
651634
233842
512382
874631
121148
916479
231161
251195
311994
925125
987256
982793
756992
542669
589793
468311
659381
373949
348177
476632
651135
832265
121667
142448
761774
748543
434242
525741
286749
181151
892174
229656
898478
611735
346158
413499
755855
515832
722159
665252
999768
888888
185251
455417
987767
978434
875226
879219
495935
759497
721363
956722
991449
793372
765378
657871
217167
486591
222334
782712
828661
463436
325256
944652
283811
323733
535773
249371
927481
349354
915183
875839
639876
267188
737215
683234
615662
683413
339718
386953
514739
264819
728684
268693
583678
234369
735433
123884
991741
449821
319591
322638
232113
893311
933536
837893
442199
835919
974664
422917
318149
423383
163664
171758
759924
119372
918341
391253
438627
423826
843912
829964
427518
976696
736232
814613
347353
267114
148849
521391
428932
434985
649276
293247
449979
787141
232996
836621
583741
746447
957176
585329
495355
861697
147761
579513
171582
775983
824242
313941
822589
853998
577192
514263
623786
513771
654178
831217
915433
543255
831769
517299
329699
355394
718346
845781
628382
143835
847118
778656
752315
632465
625977
557688
896121
898657
487148
254111
129313
254713
992758
941135
441347
495424
191584
641165
195925
788782
583985
414896
842567
417487
326935
672716
727776
164639
584477
822571
798756
851555
993386
445111
814383
543557
556946
881941
225292
789643
698243
896582
595428
561989
272426
227851
162792
682999
945176
862444
391416
797286
367126
232679
882354
444368
121838
888665
615742
333784
618363
747417
395897
112181
561954
918126
642288
494556
437671
419813
521629
817222
952231
969365
624589
124539
148521
857919
746244
521629
723349
811876
423893
217474
238992
983718
267796
863432
934174
637252
388243
988251
493512
694397
995232
189422
461591
584194
777824
512436
356553
292979
923946
433333
417164
116186
432625
472772
936647
789391
832341
518746
248961
666571
744329
476283
838179
685715
134383
565371
585729
668228
219366
363292
216446
758513
676753
737131
179468
767988
523834
527384
964592
322472
477623
916966
726349
478752
527382
568561
417915
779941
364738
821869
482785
194173
145499
711983
397451
352348
448182
914479
588259
922438
995982
368132
624741
143692
821421
567567
854667
163916
832889
369479
377647
546418
179393
675643
647636
171422
235299
165212
954728
538981
368615
283821
264986
182751
884934
697784
235233
338551
799132
974128
812468
757636
957995
544162
136626
963295
449294
452537
293158
339996
717719
256917
564762
521219
912382
722298
818987
675872
892369
122992
497461
719948
497195
422851
457392
378592
858189
516271
899837
974536
687483
379573
149576
398117
474456
888715
527697
846635
919446
952136
921964
733128
755796
649211
566157
875619
623426
638769
176277
731567
792848
657864
969724
989228
612914
345615
826114
229981
478847
741178
383364
741266
989197
787635
534421
551167
637696
611821
347348
668949
425468
259314
269998
893185
241553
522744
597114
113742
178147
823175
786765
862287
639148
221457
619674
161349
489297
948313
917183
415749
663816
524956
685562
731698
939932
241987
627182
467911
442722
463551
228886
388362
386913
647386
685551
338835
565673
785453
812225
978199
399244
652854
176116
963275
597893
228772
459939
529474
152229
424751
493423
715215
149694
648847
686735
975795
665789
383668
478257
833945
252517
594316
257492
957655
776596
715488
518418
538449
834162
858624
797521
468338
744476
893694
345568
565817
368455
865553
488799
775296
598693
118778
584363
272279
662563
993928
965545
645648
535355
145618
879893
658642
911453
813489
449652
262455
276842
383582
299851
135298
478138
311957
736817
862576
636948
488182
773232
853948
733955
699656
561923
861928
276721
927164
289382
483479
823655
991358
632168
916777
943225
163463
258511
386426
772753
334941
447215
279931
819153
741854
173462
191889
313298
288873
299658
467781
849678
852948
258798
215113
655922
694241
136643
343585
541625
574567
118519
543522
624232
637277
345549
896388
239685
371455
783676
721342
418288
968247
588442
873627
638884
971969
811872
741613
458751
858675
398889
933123
583659
215945
288951
493341
952742
792733
898184
293514
367544
652965
925384
992116
783722
488313
669264
585178
152289
369285
529215
569731
716939
597345
121811
344813
434291
555843
892248
813873
965636
376127
578312
294817
691587
679812
358612
158642
257762
785451
283972
221698
577215
371971
445687
233967
882885
369633
919236
986298
199832
165761
261141
311315
776443
359544
465594
146632
723848
718389
415971
381621
494397
358558
636783
891335
523491
829576
593831
326734
324116
589129
986383
818127
233192
388734
186847
982921
736156
263618
845255
138963
442637
424592
477656
881278
886772
876277
881681
852448
824527
676234
444764
274454
677166
249125
556822
533643
789113
299533
182549
385745
293814
939575
647226
719532
489917
977684
592788
676366
279566
944279
471117
989816
824345
747356
156574
382658
768661
836737
581912
381125
357455
661994
547229
859671
416329
192911
923988
421848
242261
346511
363656
751289
448552
984539
629848
676417
613289
356391
772514
298113
321268
954418
115773
516956
453491
655545
378653
932716
185966
687131
465495
551565
953383
766955
848288
213691
473494
255518
583771
438363
835352
352831
558531
686675
839629
716359
172315
962423
948946
718929
721841
471165
642564
914343
721776
831912
456425
976145
693781
424576
396837
266313
938633
623282
288277
612585
153363
167117
839751
559467
189284
551986
671384
483235
355648
561649
738834
923197
345921
224884
618558
344623
657241
331835
778198
154624
288632
893294
132967
194278
854617
141897
467146
464177
813796
962359
498783
298559
298245
397512
577584
638992
695565
967164
158997
617643
735731
848219
259918
795343
424149
192669
394563
726846
144699
554328
286294
583854
638487
985676
925674
853124
531544
846879
593438
469736
166336
688846
178761
198762
489381
773964
154364
982245
314769
112542
124514
272775
956778
227686
443761
912756
279393
683154
319555
843528
897374
898351
149473
977629
635982
694278
365251
394862
167159
631828
153387
754375
444149
975972
875934
556791
229935
227911
753714
276587
947236
715422
889616
976982
751938
893792
635911
313661
964162
974883
856468
367399
718859
628783
111175
894122
198239
834199
897316
643129
126926
497679
313542
559287
799811
243829
169442
967124
818734
238361
154939
538649
762843
236266
678186
277467
339622
367615
784296
172843
819163
546649
862537
278819
795297
622717
419912
241542
893378
542367
299585
974688
451694
533764
181687
555112
717345
343449
172316
186184
933541
863327
846579
662913
519278
189343
989846
219646
433963
536928
783821
211566
467252
655592
238189
326271
721871
846946
296876
161111
145868
227616
674536
531698
452428
947843
834687
426937
871541
239188
897997
398346
999639
481119
374285
519126
459879
933643
951994
593914
743159
251423
773125
321524
157365
119811
116555
464329
335849
882119
787931
981571
445554
865513
473514
465689
281484
725412
338935
641888
996568
862323
525196
534819
368136
526225
438612
896917
377648
951249
468687
318533
365137
186758
317711
318319
998157
275739
782936
287934
969382
271739
588737
826993
778652
482395
684782
336189
681717
965248
189222
969346
622378
442314
516454
215277
617565
742587
149928
645384
974359
932812
862783
345247
771548
338654
453659
468283
354584
463454
199399
791129
782957
864744
233768
242987
548662
357525
777583
147547
445524
241522
237385
277958
182758
826867
223139
635473
344686
173935
494659
986192
337857
848218
858112
579435
784431
842651
962156
963467
914557
422431
332811
128812
966395
446587
193387
642426
781771
613391
965716
227648
459751
698818
139658
125535
892696
546252
325421
432137
827893
212367
356812
588635
731436
278743
714788
451264
385966
972567
991467
499676
838445
953612
848123
315383
613865
784431
933867
297112
828867
595799
823513
645359
271271
117344
381116
868194
399473
573746
275226
969127
694529
944623
282382
369222
996127
652185
293931
216817
629147
353582
382984
432898
471571
326891
145938
299863
833517
877997
845846
894991
377183
556372
581727
282351
411587
998421
914849
999621
599358
125919
471961
881598
785675
514171
829688
498771
377818
547436
487691
369565
681974
197342
952431
136749
914242
399369
923942
355726
516663
529191
237492
243961
381571
728888
378576
768326
867761
217512
275791
883984
465211
288365
337464
961145
489794
157931
499336
978442
169293
349122
371679
924232
915475
113298
131124
293364
956833
838489
877594
796742
724265
622957
265822
712126
487134
719579
471951
718751
196875
313889
991888
586923
415813
571447
614485
178882
329582
493847
155949
523611
159543
668231
381438
854645
479988
472173
587974
589993
167355
692316
812869
693883
411571
481216
885927
495527
752732
654341
927418
658358
731764
449856
768274
598166
473348
779363
782737
278683
692986
973143
549226
837532
615554
539976
285514
124186
725673
438649
256679
741286
741658
873941
162571
642447
973159
467336
692871
259615
622981
533628
592592
413486
187731
534634
115524
152721
482492
789738
673664
514552
588189
496685
668686
168621
179953
282398
349874
675672
672666
653745
421144
646165
565263
154511
627867
663649
152668
728288
344624
376146
458233
663986
597672
484241
914838
353649
341579
114681
149954
157881
233333
963112
166123
245395
537859
932416
814535
265678
171522
245783
876332
691725
498554
498547
157878
777759
427458
432929
561399
714525
929447
395216
482939
966372
774283
141767
811989
262792
418329
834839
279416
642564
823918
734565
211187
826866
771781
441223
444729
349584
311148
856195
968862
984466
277991
114887
555157
532866
611142
878362
217129
963452
371592
165482
873293
232255
352915
631315
485373
853365
714748
751232
374389
315834
489939
486183
971532
161449
957941
583747
564297
888973
477767
634698
953641
763551
215335
316173
963658
574131
299477
482373
295121
672216
546836
678712
899484
576244
711183
891977
534381
536161
391588
618879
456557
352384
825988
234639
631729
973546
317433
871824
725737
397952
788323
246324
457584
754984
533466
145977
593874
949295
129652
944197
474854
221896
859369
985634
448664
242617
128358
821235
299177
832546
489527
456991
283835
352279
189981
666624
927486
434934
275354
723449
555811
493333
365517
669596
824422
323663
234876
699217
917565
348395
951895
542252
914495
796346
348365
769267
982352
593989
473822
566221
235856
421664
383113
439656
532321
284516
718758
848496
849578
493494
928825
869764
285414
423622
421381
524927
836582
718926
586329
865458
492279
843925
693622
354172
329274
659467
738785
121473
134594
636849
381671
139752
632784
428173
825186
157597
291472
612987
811364
314696
114995
247519
711923
185639
926394
184245
546965
115629
541628
123598
283255
274243
867656
692852
898483
298816
994747
467267
443629
436344
642376
856337
753698
615425
427989
728457
728214
734232
979882
529659
349814
623282
521346
627674
851168
187518
439778
798194
598383
639468
386521
479555
146416
496689
375816
715677
894361
332781
472776
999912
458448
748586
565716
595785
992972
862913
963813
151658
724631
931523
854532
686526
556229
451648
438685
782892
727251
121665
515624
939346
629611
127872
686329
475611
362363
253262
266887
585722
955535
939673
434424
641939
214975
791715
793533
174283
224515
883586
626383
344694
658192
852863
962167
293239
771267
375621
232158
165168
614756
122527
846215
816895
271212
172345
616462
365785
484317
556754
571637
144771
186429
317234
949785
369581
898999
697126
199562
152957
934984
743836
478738
157751
322714
687785
147963
531363
682365
865219
339588
564395
297464
596443
277556
188945
241272
767171
937436
848731
757555
183853
337231
984162
218713
932155
882459
798116
939276
515594
493166
592579
592469
241333
384133
958675
772317
128852
655117
795187
834346
365751
845445
947893
119555
224269
638479
237345
987633
184951
549411
886789
537818
895375
728312
829667
677193
329971
486512
494863
518475
496258
252385
759739
292944
439218
532163
788354
727569
887351
947826
178732
169258
479943
896369
459153
259428
516928
267613
785588
248884
192369
451595
831791
575627
741647
331418
724123
278438
239328
356991
139523
756458
378134
729433
687697
989723
876811
939351
914877
654933
291746
933935
416723
977133
889252
538664
519833
468571
864632
187742
214733
228282
391891
128621
838483
314363
665495
472425
465945
611969
431782
885736
426669
463612
139249
764547
581873
876516
532452
839775
723625
982571
193964
137878
944275
164666
719176
535859
548729
754231
863468
751146
675841
774486
375526
874944
241655
678321
713294
724719
624596
777979
623991
926742
828878
545339
264278
271986
737976
911391
355885
732454
974956
929194
839571
864914
364653
747893
843227
913564
887513
271748
276657
532413
276955
661325
326781
614351
285842
978914
567668
464324
912514
915317
319731
768617
972651
338866
617285
832756
853915
954149
194915
696972
561517
814358
564779
447817
821312
181767
635374
679375
348756
467861
171995
864953
852139
794275
715556
417284
567285
822976
768239
882569
628135
742333
691272
324637
331585
786732
811736
691794
277819
518318
444422
212625
421744
635627
229964
487292
833223
982524
767642
923257
213885
489283
219692
373244
394667
674696
482584
489766
177488
672682
975966
446585
156488
455255
992693
374641
468494
511866
583212
373738
388686
949979
962437
761139
213562
959725
357251
772233
146487
557573
442258
319288
239974
715731
585283
733615
217816
858752
682133
417345
886643
256484
447947
283258
434856
281563
317393
715579
913893
733933
329917
929378
254418
576617
126385
819119
561155
516178
142321
388948
744445
547556
528726
728263
871323
696375
159523
731256
382168
744461
116959
896975
343874
679674
195116
224139
165477
122916
171673
592695
262622
518496
699622
124652
377927
997282
164373
554465
462965
438955
353371
662363
568335
579123
431986
573831
355273
596116
445359
262964
943948
783522
292876
689215
818789
697897
385952
841296
242133
149826
361963
331135
666371
397655
576233
529533
869161
753896
528421
247139
639228
943972
547659
251839
822582
236113
635168
499914
684449
866541
434163
275141
284433
659378
643526
154548
467183
498628
645237
487277
338235
862217
825439
381618
134534
841822
514898
641216
977195
141492
527498
574566
633894
861829
741836
446713
726677
757618
412429
833882
638721
149951
883934
968585
562914
432757
698121
932914
977187
678498
411151
888799
642722
974479
421871
667698
254286
595634
241511
975473
952669
834197
844691
317879
174177
256884
238469
331393
981313
997644
276984
533982
677795
483944
121277
527566
211824
591836
539298
163837
932491
614443
629997
439656
911948
656282
485853
385693
473557
917975
529889
554563
645135
434431
667178
758491
896545
168157
531372
454559
346493
555358
549754
392398
785614
866733
